1344566973
1580034967
1344566966
1580035031
1580034905
1580034964
1580034888
1580035021
1344566973
1344566973
1580035021
3994361361
1580034920
1580034879
1580034900
1580034900
1344566974
3994361363
1344566969
1580034886
1580034886
1580034884
1580034913
1580034883
1580034884
1580034817
1580034896
1580034994
1580034994
1580034875
1580034773
444336013
1580035042
1580035061
1580035160
1580035065
1580034748
1580034773
1580034737
444336009
1580034744
1580035175
1580034945
1580035175
444336014
444336009
1580035240
1580034694
3249304309
1580035350
6051095781
1580034694
3249304308
6051095782
1580035350
1580035198
1580035284
3249304311
1580035137
1580035284
1580034899
1580034527
